(0, 0)
(0, 0)
(0, 0)
(0, 0)
(0, 0)
(0, 0)
(0, 0)
(34, 17)
(0, 0)
(0, 0)
(0, 0)
(0, 0)
(0, 0)
(0, 0)
(0, 0)
(60, 30)
(0, 0)
(0, 0)
(34, 12)
(0, 0)
(0, 0)
(0, 0)
(0, 0)
(0, 0)
(60, 37)
(0, 0)
(0, 0)
(0, 0)
(55, 16)
(36, 15)
(0, 0)
(0, 0)
(0, 0)
(0, 0)
(0, 0)
(0, 0)
(0, 0)
(0, 0)
(0, 0)
(0, 0)
(50, 35)
(68, 57)
(0, 0)
(0, 0)
(0, 0)
(0, 0)
(42, 30)
(65, 10)
(0, 0)
(0, 0)
(42, 24)
(0, 0)
(0, 0)
(0, 0)
(0, 0)
(77, 44)
(0, 0)
(0, 0)
(0, 0)
(0, 0)
(0, 0)
(0, 0)
(40, 17)
(0, 0)
(0, 0)
(0, 0)
(0, 0)
(0, 0)
(0, 0)
(0, 0)
(0, 0)
(0, 0)
(0, 0)
(0, 0)
(0, 0)
(0, 0)
(0, 0)
(0, 0)
(62, 44)
(0, 0)
(58, 11)
(0, 0)
(0, 0)
(0, 0)
(0, 0)
(0, 0)
(0, 0)
(0, 0)
(0, 0)
(0, 0)
(0, 0)
(0, 0)
(0, 0)
(0, 0)
(0, 0)
(0, 0)
(0, 0)
(0, 0)
(0, 0)
(0, 0)
